262.567505 0.000000 467.894989
0.000000 219.089996 278.962494
0.000000 0.000000 1.000000
0.058530 0.001830
0.998673 -0.006545 0.051086
0.046227 -0.323420 -0.945126
0.022709 0.946233 -0.322689
-17.440001 136.699997 -191.839996
255 255 255
305.527496 0.000000 494.204987
0.000000 303.892487 234.945007
0.000000 0.000000 1.000000
-0.044120 -0.000130
0.040102 0.999192 0.002813
0.463760 -0.016119 -0.885814
-0.885053 0.036828 -0.464031
-51.730000 121.959999 -32.790001
255 255 255
268.897491 0.000000 484.342499
0.000000 247.597504 277.372498
0.000000 0.000000 1.000000
0.073920 -0.008910
-0.087056 -0.992996 0.079881
-0.588417 -0.013449 -0.808446
0.803858 -0.117383 -0.583124
53.060001 132.800003 -13.580000
255 255 255
306.644989 0.000000 459.787506
0.000000 309.029999 295.087494
0.000000 0.000000 1.000000
-0.053930 0.003330
-0.999701 -0.022127 0.010389
-0.019319 0.454814 -0.890377
0.014977 -0.890311 -0.455106
-8.390000 175.130005 -167.130005
255 255 255
